Seraching for Serial
connected to: 	COM4
Arduino Reset finished
Input: #
Input: $
Input: $
Start Array
1,10,13,14,14,14,15,16,16,17,19,20,25,31,42,60,91,135,180,195,195,189,141,96,59,33,18,10,6,4,3,0,1,2,6,7,5,0,0,0,1,3,37,33,50,19,0,0,9,2,5,0,3,3,3,1,3,1,3,0,4,1,3,0,1,0,0,3,1,0,0,0,1,3,3,3,4,7,2,3,5,6,8,8,17,1,5,12,11,11,12,12,14,15,16,18,18,19,20,23,21,23,27,30,33,38,44,51,62,71,79,87,91,90,88,79,70,59,49,41,33,28,23,19,15,13,11,10,10,8,7,7,6,6,6,5,5,5,5,4,5,4,5,5,5,5,5,6,6,6,7,7,8,8,9,10,11,12,12,13,14,15,15,16,17,18,19,20,21,22,25,25,27,28,29,31,33,34,36,37,37,37,37,36,35,33,31,30,28,26,24,23,21,20,19,18,17,16,15,1, 
End Array
Updating Title:
Updating points
Input: @
Input: $
Input: $
Start Array
1,11,11,13,14,14,14,16,16,18,20,24,31,39,61,89,133,180,195,195,193,146,98,61,33,18,10,5,3,4,0,0,4,13,13,10,0,1,0,0,1,1,6,8,9,8,5,3,6,3,7,3,1,0,0,0,1,1,0,1,1,2,1,1,1,0,0,0,2,1,1,0,0,0,0,0,2,2,2,3,7,0,8,8,7,7,10,12,3,10,11,12,11,14,15,15,17,17,20,22,24,25,27,31,37,43,52,62,71,82,93,100,103,100,88,76,65,53,42,34,26,21,15,17,11,7,11,8,5,6,7,5,7,5,4,4,4,4,4,4,3,4,4,4,7,4,4,5,5,6,6,7,7,8,8,12,10,11,11,12,13,14,14,15,16,17,18,19,20,22,23,24,26,28,29,32,34,36,37,39,40,40,41,41,40,37,34,32,30,27,25,23,21,20,18,17,16,15,14,1, 
End Array
Updating Title:
Updating points
Input: @
Input: $
Input: $
Start Array
1,6,7,9,11,13,11,14,14,14,16,17,20,24,32,46,71,112,163,195,195,195,181,128,82,47,24,13,7,5,9,3,4,1,3,11,0,4,2,2,0,2,3,7,5,3,4,5,3,4,5,5,1,2,0,0,0,1,1,0,2,1,1,2,1,1,2,3,2,2,4,4,4,1,0,0,0,1,2,1,1,0,2,0,2,3,4,7,9,6,7,9,12,13,10,11,12,13,12,14,14,15,18,20,21,22,25,29,33,41,53,63,73,86,100,110,114,113,104,88,73,60,47,37,29,22,17,13,11,7,8,7,7,6,5,5,4,4,3,3,3,3,2,2,3,2,3,3,3,3,3,4,4,4,5,5,6,6,7,8,9,9,10,10,11,12,13,13,15,15,16,17,18,19,21,22,24,26,28,30,34,34,35,38,41,42,44,44,44,44,42,38,35,32,29,26,24,22,20,1, 
End Array
Updating Title:
Updating points
Input: @
Input: $
Input: $
Input: $
Input: $
Start Array
1,6,8,9,13,14,14,13,14,14,18,20,20,27,39,57,89,134,186,195,195,195,154,103,62,35,19,9,5,3,4,0,0,26,11,6,2,1,0,0,0,2,0,5,9,2,2,5,1,3,4,6,3,5,3,1,0,0,1,0,1,3,3,1,2,1,3,2,1,0,0,2,0,1,2,1,0,2,1,0,0,2,1,2,3,2,6,4,8,8,6,9,10,7,19,5,11,14,10,14,14,15,17,21,22,23,25,29,33,40,53,61,74,88,101,111,116,115,106,92,76,61,47,37,28,23,15,11,10,8,5,9,7,5,6,5,4,4,4,4,3,3,3,3,3,3,3,3,3,3,3,3,4,4,5,5,6,6,7,7,8,9,10,10,11,11,12,13,14,15,15,16,17,18,20,21,22,24,26,27,30,32,35,37,40,42,44,44,45,45,43,41,38,35,32,29,26,22,22,1, 
End Array
Updating Title:
Updating points
Input: @
Input: $
Input: $
Input: $
Input: $
Start Array
1,10,12,12,12,13,15,16,15,18,21,26,33,52,79,122,174,195,195,195,170,118,74,40,20,12,4,3,2,2,1,4,0,0,0,2,1,1,1,1,3,5,0,11,4,4,6,3,3,5,6,6,6,1,0,0,1,0,0,3,2,2,1,0,1,1,1,0,2,1,0,0,1,0,0,0,2,2,1,3,2,3,3,3,3,6,6,7,6,8,14,14,4,11,7,10,12,13,14,15,15,17,20,21,26,27,30,35,43,53,65,77,91,104,114,116,112,101,87,71,57,42,32,22,21,12,12,9,10,7,9,7,6,5,5,5,4,4,4,3,3,4,3,3,3,3,3,3,3,3,3,4,4,5,5,6,6,7,8,9,9,9,10,11,11,12,14,14,15,16,16,17,18,20,21,22,24,25,27,30,29,34,36,39,41,43,44,45,44,43,41,38,35,32,30,27,25,23,20,1, 
End Array
Updating Title:
Updating points
Input: @
